996 665 821 1
997 666 822 1
995 669 826 1
1004 671 826 1
1001 677 827 1
1003 670 831 1
1000 668 826 1
994 671 821 1
994 671 828 1
994 666 821 1
95 248 448 0
194 251 454 0
186 246 450 0
190 253 450 0
196 246 450 0
196 246 449 0
196 246 450 0
196 246 450 0
196 247 456 0
195 253 456 0
994 672 821 1
995 666 821 1
1003 666 822 1
1003 666 822 1
996 673 822 1
994 672 822 1
995 673 822 1
996 666 822 1
995 666 822 1
997 673 820 1
196 253 455 0
196 253 451 0
196 247 450 0
195 250 456 0
189 253 456 0
189 253 450 0
189 252 450 0
196 246 455 0
189 252 455 0
195 252 449 0
996 672 820 1
1002 672 828 1
995 666 828 1
996 665 822 1
996 672 823 1
995 672 822 1
996 673 822 1
995 672 823 1
1001 666 822 1
996 666 828 1
196 252 450 0
196 247 450 0
195 246 450 0
196 246 450 0
190 253 456 0
196 252 455 0
196 252 456 0
196 246 455 0
196 252 455 0
196 252 449 0
